StageStart=000000000000000,000000000000000,333030303330300,303030303000300,333030303330333,300030300030303,300033303330303,000000000000000,333030303330333,300030303030300,300030303330333,300030303030300,333033303330333,000000000000000,000000000000000
Stage0=33333333,31111113,31111213,31113113,31114113,31116113,31111113,33333333
Stage1=333330,361133,324513,311313,311113,333333
Stage2=0000000,3333330,3611133,3144113,3132123,3111113,3333333
Stage3=0033330,3331130,3612433,3111413,3132113,3111113,3333333
Stage4=0333330,3361133,3113113,3145413,3112113,3312133,0333330
Stage5=00000000,33333300,31111333,31112213,31444613,31131213,33333333,00000000
Stage6=00000000,03333300,33111333,31231463,31131313,31511423,31111333,33333300
Stage7=0000000,3333333,3651133,3143113,3141213,3211133,3333333
Stage8=00000000,33333333,33111133,31221113,31314443,31113623,33333333,00000000
Stage9=0000000,3333333,3265133,3411413,3111313,3112113,3333333
Stage10=3333333,3612233,3134133,3131113,3114313,3115113,3333333
Stage11=3333300,3111300,3131333,3524113,3113413,3611123,3333333
Stage12=0000000,3333333,3331163,3215313,3111413,3142133,3333333
Stage13=00000000,33333300,36111330,31245133,31342113,31111113,33333333,00000000
Stage14=3333330,3112130,3132133,3112113,3144413,3113163,3333333
Stage15=0000000,3333333,3113333,3111523,3114313,3112463,3333333
Stage16=00000000,33333330,31121133,31443213,31364113,31123113,33333333,00000000
Stage17=3333300,3611333,3144413,3312223,3111313,3111113,3333333
Stage18=3333333,3113333,3111333,3414633,3213413,3112123,3333333
Stage19=333333,361123,344413,321313,311213,333333
Stage20=0003333000,0003213000,0033113300,3331141333,3211641123,3331411333,0033143300,0003113000,0003123000,0003333000
Stage21=0333300,0312300,0311333,0356113,0311413,0311333,0333300
Stage22=0333333,0311113,0313613,0314513,0312513,0311113,0333333
Stage23=000000000,000000000,003333000,333113333,311111413,313113413,312123613,333333333,000000000
Stage24=00000000,33333333,31111113,31255463,31111113,33333113,00003333,00000000
Stage25=03333333,03111113,03111113,03124213,33146413,31124213,31111113,33333333
Stage26=000000000000,000000000000,000000000000,333333133333,311113331113,314411111363,314132221113,311133333333,333330000000,000000000000,000000000000,000000000000
Stage27=03333333,03111113,03124213,03142413,03124213,03142413,03116113,03333333
Stage28=000033333300,000031226300,000031441300,000033133300,000003130000,000003130000,003333130000,003111133000,003131113000,003111313000,003331113000,000033333000
Stage29=0333330,0321133,0364413,0331113,0033113,0003323,0000333
Stage30=00000000000,00000000000,00000033333,00000032113,00000032313,33333332313,31614141413,31313131333,31111111300,33333333300,00000000000
Stage31=003333330,003111130,003133633,333131413,312231413,311111113,311333333,333300000,000000000
Stage32=000000000,333330000,311133000,314113000,331413333,033362113,003112313,003111113,003333333
Stage33=003333000,003213300,003261300,003214300,003341333,000314113,000311113,000311333,000333300
Stage34=3333333,3111113,3131313,3214563,3111333,3333300,0000000
Stage35=000000000,000003330,333333633,311112513,311131113,333334313,000031113,000033333,000000000
Stage36=0000000000,0333300000,0311333300,0311111330,3313311130,3212316433,3111314413,3112311113,3333333333,0000000000
Stage37=0333330,0316130,0322230,0344433,0311113,0311113,0333333
Stage38=033333330,031111130,032121130,031331330,031141300,033341300,000361300,000311300,000333300
Stage39=33333333,31112213,31164413,33333133,00031130,00031130,00031130,00033330
Stage40=000000000,333333300,311111333,311644223,333313313,003111113,003113333,003113000,003333000
Stage41=0000000,3333000,3113333,3121213,3144363,3311113,0333333
Stage42=033333000,031113330,032121130,031113130,033131130,003644130,003111130,003113330,003333000
Stage43=3333333,3115113,3111113,3313133,0346230,0311130,0333330
Stage44=3133333,0031113,3334463,3111333,3111113,3121213,3333333
Stage45=0333300,0311333,0314413,3322213,3116413,3111333,3333300
Stage46=00333330,00316130,00311130,03334130,03122230,03144130,03331130,00033330
Stage47=3333330,3111230,3133133,3114463,3131113,3211333,3333300
Stage48=3333300,3111300,3161300,3144333,3321213,0311113,0333333
Stage49=00000000000,00000333330,00000311133,00000311113,03333331113,33111113213,31414161133,31333333230,31111111130,33333333330,00000000000
Stage50=0333300,0311333,0314413,0322213,0316413,0311133,0333330
Stage51=0033330,0331130,3364233,3144113,3121213,3331113,0033333
Stage52=0333300,3311333,3111113,3255463,3111333,3311300,0333300
Stage53=3333333,3213113,3114113,3214363,3114113,3213113,3333333
Stage54=000000000,000000000,003333000,333113333,311111113,364555213,311111113,333333333,000000000
Stage55=0000333300,0003311300,0003214300,0003241300,0003241300,0003241300,0003214330,0003111630,0003311130,0000333330
Stage56=000000000000000,000000000000000,000000000000000,000000000000000,000000000000000,333300000000000,311333333333333,314141414141613,312222211111113,333333333333333,000000000000000,000000000000000,000000000000000,000000000000000,000000000000000
Stage57=000000000,000000333,333331323,311133323,311141323,314114113,333336313,000031113,000033333
Stage58=0000000000,0000000000,3333333333,3111111113,3133233313,3131441213,3121643313,3333311113,0000333333,0000000000
Stage59=0000000000,3333300000,3111333300,3131312300,3111141333,3331342113,3111361113,3131333333,3111300000,3333300000
Stage60=0000000,0333330,0311130,3311133,3144413,3127213,3333333
Stage61=00000000,33333330,31111130,36444133,31132223,33111133,03333330,00000000
Stage62=00003333,00003113,00003613,03333423,03111423,03131423,03111133,03333330
Stage63=000003333,000003163,000003113,333333123,311141123,311443123,311113333,333113000,003333000
Stage64=0333333,0322213,0311413,0313433,0311413,0311613,0333333
Stage65=00333333,03311113,03113313,03131413,03115123,03313633,00311130,00333330
Stage66=00000000000,00000000000,00333333300,33311111300,31414111300,31333133333,31612121113,31113331113,33333033333,00000000000,00000000000
Stage67=33333300,31161300,31131330,31231133,31244413,31231113,33331113,00033333
Stage68=0333333000,0316113000,0314313000,0314113000,0314133000,0333133330,0031131130,0032221130,0031111130,0033333330
Stage69=000000000,333303333,311333113,314151413,311171113,333124333,003121300,003333300,000000000
Stage70=000033330,033331130,031141133,031343113,031141113,032333113,032333313,032161113,033333333
Stage71=0000000000,0000000000,0000003333,3333333123,3141414413,3111612223,3331113333,0033333000,0000000000,0000000000
Stage72=03333300,03111300,03131330,33151133,31454113,31151313,33121173,03333333
Stage73=003333300,003111300,003134330,033161130,031234130,031211330,031234300,033111300,003333300
Stage74=00333300,33311333,31112113,31141413,33237323,03141413,03331133,00033330
Stage75=000033330,333331130,314111430,311232130,331333133,031232113,034161413,031133333,033330000
Stage76=000033333000,000331113000,000311323300,000314421300,000331611300,000031321300,000031413300,000031333000,000031130000,000031130000,000031130000,000033330000
Stage77=000000000,003333300,003711333,033531413,031511113,331513133,311511130,311133330,333330000
Stage78=033333300,031111330,031151130,031454130,033151330,003151300,003121300,003373300,000333000
Stage79=03333300,33111333,31222513,31364313,31411113,33313433,00311130,00333330
Stage80=000033333000,000031113000,000032343300,000031111300,000032341300,000031113300,000032343000,000331113000,000312343000,000316113000,000311333000,000333300000
Stage81=0000000000,0033330000,3331130000,3111133000,3113113333,3312121230,3343323433,3141161413,3111331113,3333333333
Stage82=000000000,000003333,000033113,000331213,333314113,314142633,311211330,333333300,000000000
Stage83=00033300000,00331303333,03311333113,33141111113,31116413113,33314333113,00311322113,03313323133,03111111330,03111113300,03333333000
Stage84=000033333,000331213,003314213,033141113,331461333,314113300,322133000,311130000,333330000
Stage85=333333333,321211113,324212113,331333613,031141133,031441330,031141300,031133300,033330000
Stage86=33333000000,31113333300,31414141300,33313131300,00313111300,03313331330,03122222630,03141411130,03133313330,03111113000,03333333000
Stage87=0033333333,0031113113,0031114213,0333433113,0314233133,3311251113,3113431113,3126133333,3311130000,0333330000
Stage88=0000000000,0000033330,0033331130,0032211130,3331463133,3114132213,3141114113,3333113333,0003333000,0000000000
Stage89=033333000,031113330,331341630,312141130,322234330,313114130,311311130,331113330,033333000
Stage90=000003333,033333113,031414113,032313213,031464133,332313233,311515113,311131113,333333333
Stage91=0003333000,0033113000,0331113330,0311555130,0311563130,0331552130,0031111130,0031343330,0031113000,0033333000
Stage92=0000000000,0033330000,0031133330,0031111633,0335515513,3311552113,3141131333,3111111300,3333333300,0000000000
Stage93=000000000,033333333,031113113,332111113,315555513,311151513,331341133,031163330,033333000
Stage94=00033333000,00031713000,00034243000,00031513000,00031513000,00331513000,00311513300,00311511300,00311511300,00333113300,00003333000
Stage95=00000033330,03333332230,03111112130,03113112230,03113313330,03111141133,03113134163,03113141413,03113314133,03333311130,00000333330
Stage96=00000000000,00333300000,33311333300,31116111300,31321232333,31444144413,33323232313,00311111113,00333311333,00000333300,00000000000
Stage97=0000000000000000,0000000000033333,0000000000331113,0000000000311113,0000333311314133,0000311333341430,0000311111414130,0003313314141430,0003112311414130,0003112311111130,3333313333333330,3222216113000000,3222211113000000,3311333333000000,0333300000000000,0000000000000000
Stage98=0303030303030,3030303030303,0033333333333,0031111131163,0031414431113,0033411114413,0003114131113,3333331333333,3221224130000,3122111130000,3112233330000,3333333330000,0303030303030
Stage99=0000333330,0333311130,0364113130,0314441130,0332321130,0311223130,0311325130,0314241330,0333111300,0003333300
Stage100=00000000000000000000,00000000000000000000,00000033333333333300,00000332211113111300,00003322514111141300,00033225231313413300,00032252313131411300,33332223113111131300,31133131111111111300,31641413331131313300,31411141113131113000,33344111313131313000,00311141113131333330,00314313333311111130,00341113000311131130,00311333000331111130,00311300000031111330,00333300000033333300,00000000000000000000,00000000000000000000

StageClearCount0=7
StageClearCount1=34
StageClearCount2=23
StageClearCount3=31
StageClearCount4=25
StageClearCount5=37
StageClearCount6=55
StageClearCount7=32
StageClearCount8=45
StageClearCount9=26
StageClearCount10=33
StageClearCount11=28
StageClearCount12=34
StageClearCount13=38
StageClearCount14=37
StageClearCount15=30
StageClearCount16=31
StageClearCount17=41
StageClearCount18=31
StageClearCount19=41
StageClearCount20=22
StageClearCount21=33
StageClearCount22=16
StageClearCount23=41
StageClearCount24=23
StageClearCount25=23
StageClearCount26=107
StageClearCount27=26
StageClearCount28=97
StageClearCount29=30
StageClearCount30=89
StageClearCount31=78
StageClearCount32=49
StageClearCount33=52
StageClearCount34=51
StageClearCount35=37
StageClearCount36=100
StageClearCount37=25
StageClearCount38=71
StageClearCount39=41
StageClearCount40=50
StageClearCount41=17
StageClearCount42=47
StageClearCount43=56
StageClearCount44=35
StageClearCount45=29
StageClearCount46=41
StageClearCount47=50
StageClearCount48=33
StageClearCount49=104
StageClearCount50=21
StageClearCount51=17
StageClearCount52=35
StageClearCount53=41
StageClearCount54=30
StageClearCount55=77
StageClearCount56=156
StageClearCount57=71
StageClearCount58=37
StageClearCount59=85
StageClearCount60=20
StageClearCount61=50
StageClearCount62=47
StageClearCount63=61
StageClearCount64=45
StageClearCount65=47
StageClearCount66=83
StageClearCount67=64
StageClearCount68=82
StageClearCount69=49
StageClearCount70=123
StageClearCount71=107
StageClearCount72=65
StageClearCount73=110
StageClearCount74=89
StageClearCount75=209
StageClearCount76=117
StageClearCount77=125
StageClearCount78=67
StageClearCount79=128
StageClearCount80=164
StageClearCount81=139
StageClearCount82=73
StageClearCount83=134
StageClearCount84=55
StageClearCount85=150
StageClearCount86=168
StageClearCount87=176
StageClearCount88=130
StageClearCount89=234
StageClearCount90=?
StageClearCount91=?
StageClearCount92=?
StageClearCount93=?
StageClearCount94=?
StageClearCount95=?
StageClearCount96=?
StageClearCount97=?
StageClearCount98=?
StageClearCount99=?
StageClearCount100=?